1 148253 141
2 120524 124
3 174816 78
4 223264 102
5 108128 105
6 191236 148
7 199845 123
8 141025 143
9 112421 115
10 238624 112
11 169145 66
12 163734 107
13 203915 109
14 211486 137
15 164047 93
16 150308 119
17 107254 64
18 244258 140
19 178329 88
20 183916 126
21 186528 130
22 136214 87
23 129841 125
24 222016 136
25 202354 122
26 187462 97
27 134512 108
28 198364 132
29 147921 110
30 164859 99
31 174126 121
32 155237 114
33 189417 90
34 144823 92
35 213147 150
36 195816 138
37 120354 101
38 132964 106
39 199248 127
40 173524 118
41 153814 104
42 184259 109
43 141753 89
44 201842 134
45 187915 111
46 162847 95
47 142359 96
48 212845 129
49 151236 117
50 180125 113
